# omega_b omega_c H0 logA ns tau A_planck calib_100T calib_217T A_cib_217 xi_sz_cib A_sz ksz_norm gal545_A_100 gal545_A_143 gal545_A_143_217 gal545_A_217 ps_A_100_100 ps_A_143_143 ps_A_143_217 ps_A_217_217
5.582426734953374391e-08 -2.763067209911085703e-07 1.674750448213730314e-04 2.965398527943246435e-06 8.615136956451260739e-07 1.721354283895819097e-06 2.070212331096474914e-08 1.188296289330093241e-09 -2.658984549998915625e-09 -1.873599882459333623e-04 4.420922603212356490e-06 5.973374755206342927e-05 -8.423389219575364224e-05 4.383262720536273820e-06 -1.470896183571306776e-05 -2.268874866085846963e-05 1.331896407336485975e-05 -1.006289537011359914e-03 -6.349285518073635726e-04 -2.246500029829026743e-04 -6.617541550392024713e-05
-2.763067209911085703e-07 4.741182442535398586e-06 -2.138147610088416382e-03 -1.957715690186184648e-05 -1.138979957221488244e-05 -1.517206829255224487e-05 -2.235395864311158239e-07 -1.820230169378351107e-08 1.574136470291246712e-08 1.524731574549431559e-04 -6.441697494758247059e-06 -3.109112410010260257e-04 3.563345197285620880e-04 -1.231297211759229413e-04 1.725181229916480929e-05 8.147510419954534261e-06 2.281520573111338595e-04 4.316693616617390747e-03 2.785872817202127583e-03 1.378322726616872758e-03 1.146810122831444512e-03
1.674750448213730314e-04 -2.138147610088416382e-03 1.031878432432871362e+00 1.097460640230721665e-02 5.437844712936032096e-03 7.808516562110076956e-03 1.101091466851792066e-04 9.131890566720921233e-06 -8.182963128066775331e-06 -2.598300883250971305e-01 6.144190309282883053e-03 1.756880483883203892e-01 -2.303120863458574530e-01 4.859245887811789594e-02 -2.409106046204934418e-02 -3.282916944042263419e-02 -7.524149228920799792e-02 -2.629875855748640134e+00 -1.703983757721566183e+00 -7.552905505933018571e-01 -4.722083782264508423e-01
2.965398527943246435e-06 -1.957715690186184648e-05 1.097460640230721665e-02 1.209611275782676619e-03 7.510433440619344186e-05 6.120245521164339184e-04 9.674900829252791736e-06 5.586779298183307350e-08 -8.305321038138676021e-07 -2.195674819512218739e-02 3.642236402463508893e-04 7.825735408007282803e-03 -1.196821022035003679e-02 -1.732406714538304096e-03 -3.127737822860911145e-03 -1.977555034415069517e-03 2.931451495412973080e-03 -1.323868561163206448e-01 -5.855688407228968467e-02 -1.152883119232769697e-02 1.317362097925948126e-02
8.615136956451260739e-07 -1.138979957221488244e-05 5.437844712936032096e-03 7.510433440619344186e-05 3.947183107231144180e-05 5.111835543821910746e-05 6.049595999936439875e-07 -4.834284711212349728e-08 -1.103091512289901597e-07 -5.738817550904099472e-03 1.250785255464091097e-04 1.913955395255688809e-03 -3.499896826608806313e-03 5.325638328687306916e-04 -4.195976849029916492e-04 -1.935117913978955649e-04 1.284177310384789330e-03 -3.578050399345985427e-02 -1.446251246621299558e-02 -1.612377061418306763e-03 3.138578605526311325e-03
1.721354283895819097e-06 -1.517206829255224487e-05 7.808516562110076956e-03 6.120245521164339184e-04 5.111835543821910746e-05 3.232638177069275176e-04 -1.243781806233621134e-06 1.323651108275902090e-08 -4.186113730695064833e-07 -1.047888518896415710e-02 1.478126716072447665e-04 4.355648761141856298e-03 -5.899887180256097735e-03 -5.497970357560024151e-04 -1.300936235005466408e-03 -7.948150502886570674e-04 1.238412597786101856e-04 -7.149983274123680732e-02 -3.317002485471237661e-02 -8.723414020386933976e-03 1.728063037837763907e-03
2.070212331096474914e-08 -2.235395864311158239e-07 1.101091466851792066e-04 9.674900829252791736e-06 6.049595999936439875e-07 -1.243781806233621134e-06 6.248678157231648534e-06 -4.275527944425892180e-08 -1.831151649893291569e-08 4.683218262383319341e-04 3.152986044326144016e-06 -2.085206016308411908e-05 -3.427701174850335150e-05 4.250947172954179742e-05 7.564809629655829730e-05 1.263479452027445392e-04 1.068196863299593910e-03 2.417494850723335593e-03 5.977986782717022293e-04 3.289041508669359490e-04 1.492793015538157637e-03
1.188296289330093241e-09 -1.820230169378351107e-08 9.131890566720921233e-06 5.586779298183307350e-08 -4.834284711212349728e-08 1.323651108275902090e-08 -4.275527944425892180e-08 3.493036000864781667e-07 -1.298057811871817421e-08 -1.685126827336754505e-04 -1.700744610142135849e-06 7.502521317994259185e-05 -7.627213590838859212e-05 1.829423722684456817e-04 -1.870587015827651742e-04 -1.046946065122206389e-04 -6.419691079218705157e-05 3.702095973072042079e-03 1.055872747660890898e-04 3.151338512528370928e-04 4.571983419188872691e-04
-2.658984549998915625e-09 1.574136470291246712e-08 -8.182963128066775331e-06 -8.305321038138676021e-07 -1.103091512289901597e-07 -4.186113730695064833e-07 -1.831151649893291569e-08 -1.298057811871817421e-08 3.837714116788233588e-07 6.816993992356258072e-04 -2.462319537498905533e-06 -4.952639577068206859e-05 -2.449550927644818008e-05 -1.990792217575535188e-05 -1.122028839477871974e-05 4.458499251350875217e-04 1.005397270580794854e-03 8.945173007282778387e-04 2.312297554540138035e-04 -3.027836739713072483e-04 -1.234339502842935572e-03
-1.873599882459333623e-04 1.524731574549431559e-04 -2.598300883250971305e-01 -2.195674819512218739e-02 -5.738817550904099472e-03 -1.047888518896415710e-02 4.683218262383319341e-04 -1.685126827336754505e-04 6.816993992356258072e-04 4.523188608141860811e+01 -4.117043785401917066e-01 -6.159323515333717802e-01 -1.043459613435909206e-01 4.729740360752802131e-01 9.840360087765973596e-01 -4.941902374264644848e+00 -3.234821645055080097e+01 3.948442309212279611e+01 4.157002493863466874e+00 -1.139926013147516670e+01 -5.452589627143608908e+01
4.420922603212355643e-06 -6.441697494758247906e-06 6.144190309282883053e-03 3.642236402463508893e-04 1.250785255464091097e-04 1.478126716072447665e-04 3.152986044326142746e-06 -1.700744610142135849e-06 -2.462319537498905533e-06 -4.117043785401917066e-01 8.036039689654173035e-02 -3.170490723485808182e-02 1.311511981898383881e-02 -2.045322610662136595e-02 1.036550656402492748e-02 1.090314585163116162e-01 1.399675439592956983e-01 -8.858240431963986250e-01 8.365626217437998058e-01 1.632307118265405421e+00 6.798814061754135940e-01
5.973374755206342927e-05 -3.109112410010260257e-04 1.756880483883203892e-01 7.825735408007281069e-03 1.913955395255688809e-03 4.355648761141856298e-03 -2.085206016308413602e-05 7.502521317994260541e-05 -4.952639577068206859e-05 -6.159323515333717802e-01 -3.170490723485807488e-02 3.812417472537066310e+00 -2.751046767046930075e+00 -1.989241025908586868e-01 1.936962211695706648e-01 2.604816296973280654e+00 3.047076692956231625e+00 -2.934905588994069703e+01 -3.865382212209311330e+00 7.028545413527311325e+00 4.547031938866252787e+00
-8.423389219575364224e-05 3.563345197285621422e-04 -2.303120863458574530e-01 -1.196821022035003679e-02 -3.499896826608806313e-03 -5.899887180256097735e-03 -3.427701174850331762e-05 -7.627213590838859212e-05 -2.449550927644818008e-05 -1.043459613435909344e-01 1.311511981898384228e-02 -2.751046767046930075e+00 6.071810552305393571e+00 1.046763390362332735e-01 -5.967554237124064048e-02 -2.092820101769369945e+00 -2.295768232511587126e+00 1.424286665752876146e+01 -4.729849559333118236e+00 -1.197366187948767546e+01 -9.119893338595243648e+00
4.383262720536272973e-06 -1.231297211759229413e-04 4.859245887811789594e-02 -1.732406714538304096e-03 5.325638328687306916e-04 -5.497970357560023067e-04 4.250947172954179742e-05 1.829423722684457088e-04 -1.990792217575535188e-05 4.729740360752802131e-01 -2.045322610662136248e-02 -1.989241025908586591e-01 1.046763390362332735e-01 3.499450540763101802e+00 5.835068034625627842e-01 1.459251597214588636e-01 -4.791617912965643461e-02 -6.731050314733583839e+00 -5.578561965981130299e-01 -1.102441569239847485e+00 -1.025759013889981475e+00
-1.470896183571306776e-05 1.725181229916481268e-05 -2.409106046204934418e-02 -3.127737822860911145e-03 -4.195976849029916492e-04 -1.300936235005466192e-03 7.564809629655829730e-05 -1.870587015827651742e-04 -1.122028839477872313e-05 9.840360087765973596e-01 1.036550656402492575e-02 1.936962211695706648e-01 -5.967554237124068212e-02 5.835068034625627842e-01 3.238745858657927190e+00 2.823474245033828822e+00 2.734336169505763525e+00 5.150972173156276313e+00 -1.582257802487184950e+00 -1.025397215707968046e+00 -2.073929394573466034e+00
-2.268874866085846963e-05 8.147510419954534261e-06 -3.282916944042263419e-02 -1.977555034415069517e-03 -1.935117913978955649e-04 -7.948150502886570674e-04 1.263479452027445392e-04 -1.046946065122206389e-04 4.458499251350875217e-04 -4.941902374264644848e+00 1.090314585163116162e-01 2.604816296973280654e+00 -2.092820101769370389e+00 1.459251597214588636e-01 2.823474245033828822e+00 1.087659786375542481e+01 1.903706065086335286e+01 -1.234324268399453217e+01 3.284364334040621891e+00 4.422661533805272605e+00 4.249468198639314132e+00
1.331896407336485975e-05 2.281520573111338595e-04 -7.524149228920799792e-02 2.931451495412973080e-03 1.284177310384789330e-03 1.238412597786107548e-04 1.068196863299593910e-03 -6.419691079218705157e-05 1.005397270580794854e-03 -3.234821645055080097e+01 1.399675439592956983e-01 3.047076692956231625e+00 -2.295768232511587570e+00 -4.791617912965643461e-02 2.734336169505763525e+00 1.903706065086335286e+01 5.300361229858309997e+01 -2.408133974940643185e+01 3.499238917359393408e+00 6.941351051437025355e+00 3.148446387890775000e+01
-1.006289537011359914e-03 4.316693616617390747e-03 -2.629875855748640134e+00 -1.323868561163206448e-01 -3.578050399345985427e-02 -7.149983274123680732e-02 2.417494850723335593e-03 3.702095973072042079e-03 8.945173007282778387e-04 3.948442309212279611e+01 -8.858240431963986250e-01 -2.934905588994069703e+01 1.424286665752876146e+01 -6.731050314733583839e+00 5.150972173156276313e+00 -1.234324268399453217e+01 -2.408133974940643185e+01 7.710167591854724378e+02 7.597133783110227512e+01 -4.958351192555635834e+01 -5.956994572779156272e+01
-6.349285518073635726e-04 2.785872817202127583e-03 -1.703983757721566183e+00 -5.855688407228968467e-02 -1.446251246621299558e-02 -3.317002485471237661e-02 5.977986782717022293e-04 1.055872747660890898e-04 2.312297554540138035e-04 4.157002493863466874e+00 8.365626217437998058e-01 -3.865382212209311330e+00 -4.729849559333118236e+00 -5.578561965981130299e-01 -1.582257802487184950e+00 3.284364334040621891e+00 3.499238917359393408e+00 7.597133783110227512e+01 6.855566269550710956e+01 4.231769691921174115e+01 1.591045013180432655e+01
-2.246500029829026743e-04 1.378322726616872758e-03 -7.552905505933018571e-01 -1.152883119232769697e-02 -1.612377061418306763e-03 -8.723414020386933976e-03 3.289041508669359490e-04 3.151338512528370928e-04 -3.027836739713072483e-04 -1.139926013147516670e+01 1.632307118265405421e+00 7.028545413527311325e+00 -1.197366187948767546e+01 -1.102441569239847485e+00 -1.025397215707968046e+00 4.422661533805272605e+00 6.941351051437025355e+00 -4.958351192555635834e+01 4.231769691921174115e+01 8.301295201064273499e+01 5.191130750270159666e+01
-6.617541550392024713e-05 1.146810122831444512e-03 -4.722083782264508423e-01 1.317362097925948126e-02 3.138578605526311325e-03 1.728063037837764557e-03 1.492793015538157637e-03 4.571983419188872691e-04 -1.234339502842935572e-03 -5.452589627143608908e+01 6.798814061754135940e-01 4.547031938866252787e+00 -9.119893338595245424e+00 -1.025759013889981475e+00 -2.073929394573466034e+00 4.249468198639314132e+00 3.148446387890775000e+01 -5.956994572779156272e+01 1.591045013180432655e+01 5.191130750270159666e+01 1.026832223036461187e+02
